! 583.02 LANDED
0.948 0 73.395
0.002 -0.948 0 0.002
73.07
0
! 583.26 LANDED
0.949 0 73.395
0.003 -0.972 0.001 0.004
73.07
0
! 583.5 LANDED
0.949 10 73.395
0.003 9.246 0 0.003
73.07
1
! 583.72 FLYING
1.101 10 73.547
1.504 9.22 0.024 1.505
73.337
1
! 583.94 FLYING
1.651 10 74.098
3.333 8.672 0.015 3.333
74.341
1
! 584.16 FLYING
2.604 10 75.051
5.161 7.7 0.026 5.161
76.089
0.508
! 584.38 FLYING
3.799 10 76.245
5.387 6.531 0.044 5.387
77.406
0.229
! 584.6 FLYING
4.878 10 77.324
4.35 5.618 0.056 4.351
77.967
0.253
! 584.82 FLYING
5.694 10 78.141
3.193 5.015 0.069 3.194
78.337
0.364
! 585.04 FLYING
6.296 10 78.742
2.415 4.593 0.082 2.416
78.715
0.436
! 585.26 FLYING
6.767 10 79.213
1.948 4.253 0.091 1.95
79.081
0.461
! 585.48 FLYING
7.154 10 79.6
1.616 3.966 0.095 1.619
79.407
0.47
! 585.7 FLYING
7.474 10 79.921
1.332 3.731 0.092 1.335
79.685
0.48
! 585.92 FLYING
7.737 10 80.184
1.086 3.544 0.083 1.089
79.918
0.492
! 586.14 FLYING
7.951 10 80.398
0.886 3.397 0.068 0.889
80.112
0.502
! 586.36 FLYING
8.127 10 80.573
0.729 3.281 0.05 0.731
80.274
0.51
! 586.58 FLYING
8.272 10 80.718
0.606 3.188 0.031 0.607
80.411
0.516
! 586.8 FLYING
8.393 10 80.839
0.508 3.113 0.018 0.508
80.526
0.521
! 587.02 FLYING
8.495 10 80.942
0.43 3.052 0.025 0.43
80.625
0.525
! 587.24 FLYING
8.582 10 81.028
0.366 3.004 0.039 0.368
80.709
0.528
! 587.46 FLYING
8.656 10 81.102
0.315 2.965 0.052 0.319
80.781
0.53
! 587.68 FLYING
8.72 10 81.167
0.274 2.933 0.06 0.281
80.844
0.532
! 587.9 FLYING
8.776 10 81.223
0.241 2.908 0.063 0.249
80.9
0.533
! 588.12 FLYING
8.826 10 81.273
0.214 2.887 0.061 0.223
80.949
0.535
! 588.34 FLYING
8.871 10 81.317
0.192 2.87 0.054 0.2
80.993
0.535
! 588.56 FLYING
8.911 10 81.357
0.174 2.855 0.044 0.18
81.032
0.536
! 588.78 FLYING
8.947 10 81.394
0.159 2.844 0.032 0.163
81.069
0.537
! 589 FLYING
8.981 10 81.427
0.147 2.834 0.021 0.149
81.102
0.537
! 589.22 FLYING
9.012 10 81.458
0.137 2.826 0.017 0.138
81.133
0.538
! 589.46 FLYING
9.043 10 81.49
0.128 2.818 0.024 0.13
81.164
0.538
! 589.68 FLYING
9.071 10 81.517
0.12 2.812 0.033 0.125
81.191
0.538
! 589.9 FLYING
9.096 10 81.543
0.114 2.807 0.039 0.121
81.217
0.539
! 590.12 FLYING
9.121 10 81.567
0.109 2.802 0.042 0.117
81.242
0.539
! 590.34 FLYING
9.144 10 81.591
0.104 2.798 0.042 0.112
81.265
0.539
! 590.56 FLYING
9.167 10 81.613
0.1 2.795 0.039 0.107
81.287
0.539
! 590.78 FLYING
9.188 10 81.635
0.096 2.791 0.034 0.102
81.309
0.539
! 591 FLYING
9.209 10 81.656
0.093 2.788 0.029 0.097
81.33
0.539
! 591.22 FLYING
9.229 10 81.676
0.09 2.785 0.025 0.093
81.35
0.539
! 591.44 FLYING
9.249 10 81.695
0.087 2.783 0.025 0.091
81.369
0.539
! 591.66 FLYING
9.267 10 81.714
0.084 2.78 0.029 0.089
81.388
0.539
! 591.88 FLYING
9.286 10 81.732
0.082 2.778 0.034 0.089
81.406
0.539
! 592.1 FLYING
9.303 10 81.75
0.08 2.776 0.039 0.089
81.424
0.539
! 592.32 FLYING
9.321 10 81.767
0.077 2.774 0.041 0.088
81.441
0.539
! 592.54 FLYING
9.337 10 81.784
0.075 2.772 0.042 0.086
81.458
0.539
! 592.76 FLYING
9.354 10 81.8
0.073 2.77 0.04 0.083
81.474
0.539
! 592.98 FLYING
9.37 10 81.816
0.071 2.768 0.036 0.08
81.49
0.539
! 593.2 FLYING
9.385 10 81.832
0.07 2.766 0.031 0.076
81.505
0.539
! 593.42 FLYING
9.4 10 81.847
0.068 2.765 0.026 0.073
81.52
0.539
! 593.64 FLYING
9.415 10 81.861
0.066 2.763 0.022 0.07
81.535
0.539
! 593.86 FLYING
9.429 10 81.876
0.064 2.761 0.02 0.067
81.549
0.539
! 594.08 FLYING
9.443 10 81.89
0.063 2.76 0.021 0.066
81.563
0.539
! 594.3 FLYING
9.457 10 81.903
0.061 2.758 0.024 0.066
81.577
0.539
! 594.52 FLYING
9.47 10 81.916
0.06 2.757 0.027 0.065
81.59
0.539
! 594.74 FLYING
9.483 10 81.929
0.058 2.755 0.028 0.065
81.603
0.539
! 594.96 FLYING
9.496 10 81.942
0.057 2.754 0.029 0.064
81.616
0.539
! 595.18 FLYING
9.508 10 81.954
0.055 2.753 0.029 0.063
81.628
0.539
! 595.4 FLYING
9.52 10 81.966
0.054 2.751 0.029 0.061
81.64
0.539
! 595.62 FLYING
9.532 10 81.978
0.053 2.75 0.028 0.06
81.652
0.539
! 595.84 FLYING
9.543 10 81.99
0.051 2.749 0.029 0.059
81.663
0.539
! 596.06 FLYING
9.554 10 82.001
0.05 2.748 0.03 0.058
81.674
0.54
! 596.28 FLYING
9.565 10 82.012
0.049 2.746 0.031 0.058
81.685
0.54
! 596.5 FLYING
9.576 10 82.022
0.048 2.745 0.033 0.058
81.696
0.54
! 596.72 FLYING
9.586 10 82.033
0.047 2.744 0.034 0.058
81.706
0.54
! 596.94 FLYING
9.596 10 82.043
0.045 2.743 0.035 0.057
81.716
0.54
! 597.16 FLYING
9.606 10 82.052
0.044 2.742 0.035 0.056
81.726
0.54
! 597.38 FLYING
9.616 10 82.062
0.043 2.741 0.034 0.055
81.736
0.54
! 597.6 FLYING
9.625 10 82.071
0.042 2.74 0.032 0.053
81.745
0.54
! 597.82 FLYING
9.634 10 82.081
0.041 2.739 0.03 0.051
81.754
0.54
! 598.04 FLYING
9.643 10 82.09
0.04 2.738 0.028 0.049
81.763
0.54
! 598.26 FLYING
9.652 10 82.098
0.039 2.737 0.027 0.048
81.772
0.54
! 598.48 FLYING
9.66 10 82.107
0.038 2.736 0.026 0.046
81.78
0.54
! 598.7 FLYING
9.669 10 82.115
0.037 2.735 0.026 0.046
81.789
0.54
! 598.92 FLYING
9.677 10 82.123
0.036 2.734 0.027 0.045
81.797
0.54
! 599.14 FLYING
9.685 10 82.131
0.035 2.733 0.028 0.045
81.805
0.54
! 599.36 FLYING
9.692 10 82.139
0.035 2.733 0.029 0.045
81.812
0.54
! 599.58 FLYING
9.7 10 82.146
0.034 2.732 0.03 0.045
81.82
0.54
! 599.82 FLYING
9.708 10 82.154
0.033 2.731 0.031 0.045
81.828
0.54
! 600.04 FLYING
9.715 0 82.161
0.032 -1 0.032 0.045
81.835
0
! 600.26 FLYING
9.546 0 81.993
-1.724 -1 0.032 1.725
81.819
0.145
! 600.48 FLYING
8.957 0 81.403
-3.399 -1 0.032 3.399
81.669
0.48
! 600.7 FLYING
8.13 0 80.576
-3.879 -1 0.032 3.879
81.02
0.576
! 600.92 FLYING
7.279 0 79.725
-3.804 -1 0.032 3.804
80.14
0.561
! 601.14 FLYING
6.454 0 78.901
-3.709 -1 0.031 3.709
79.279
0.542
! 601.36 FLYING
5.643 0 78.089
-3.686 -1 0.03 3.686
78.459
0.537
! 601.58 FLYING
4.831 0 77.277
-3.692 -1 0.029 3.692
77.65
0.538
! 601.82 FLYING
3.944 0 76.39
-3.698 -1 0.027 3.698
76.765
0.54
! 602.04 FLYING
3.13 0 75.577
-3.699 -1 0.026 3.699
75.951
0.54
! 602.26 FLYING
2.317 0 74.763
-3.698 -1 0.025 3.698
75.138
0.54
! 602.48 FLYING
1.503 0 73.95
-3.698 -1 0.025 3.698
74.324
0.54
! 602.7 LANDED
0.929 0 73.375
1.2 -0.689 0.154 1.21
73.129
0
! 602.92 FLYING
1.025 0 73.471
-0.552 -1 0.142 0.57
73.16
0
! 603.14 LANDED
0.952 0 73.398
-0.009 -0.94 0.066 0.066
73.072
0
! 603.36 LANDED
0.949 0 73.395
0.011 -0.99 0.029 0.031
73.07
0
! 603.58 LANDED
0.949 0 73.395
0.003 -1 0.015 0.015
73.07
0
! 603.8 LANDED
0.949 0 73.395
0.004 -1 0.002 0.004
73.07
0
! 604.02 LANDED
0.949 0 73.395
0.002 -1 0.002 0.003
73.07
0
! 604.24 LANDED
0.949 0 73.395
0.002 -1 0.001 0.002
73.07
0
! 604.46 LANDED
0.949 0 73.395
0.002 -1 0 0.002
73.07
0
! 604.68 LANDED
0.949 0 73.395
0.002 -1 0 0.002
73.07
0
! 604.9 LANDED
0.949 0 73.395
0.003 -1 0 0.003
73.07
0
! 605.12 LANDED
0.949 0 73.395
0.002 -1 0 0.002
73.07
0
! 605.34 LANDED
0.949 0 73.395
0.002 -1 0 0.002
73.07
0
! 605.56 LANDED
0.949 0 73.395
0.002 -1 0 0.002
73.07
0
! 605.78 LANDED
0.949 0 73.396
0.002 -1 0 0.002
73.07
0
! 606 LANDED
0.949 0 73.396
0.002 -1 0 0.002
73.07
0
! 606.22 LANDED
0.949 0 73.396
0.002 -1 0 0.002
73.07
0
! 606.44 LANDED
0.95 0 73.396
0.002 -1 0 0.002
73.07
0
! 606.66 LANDED
0.95 0 73.396
0.002 -1 0 0.002
73.071
0
! 606.88 LANDED
0.95 0 73.396
0.002 -1 0 0.002
73.071
0
! 607.1 LANDED
0.95 0 73.396
0.002 -1 0 0.002
73.071
0
! 607.32 LANDED
0.95 0 73.396
0.002 -1 0 0.002
73.071
0
! 607.54 LANDED
0.95 0 73.396
0.002 -1 0 0.002
73.071
0
! 607.76 LANDED
0.95 0 73.396
0.002 -1 0 0.002
73.071
0
! 607.98 LANDED
0.95 0 73.396
0.002 -1 0 0.002
73.071
0
! 608.2 LANDED
0.95 0 73.396
0.002 -1 0 0.002
73.071
0
! 608.42 LANDED
0.95 0 73.396
0.002 -1 0 0.002
73.071
0
! 608.64 LANDED
0.95 0 73.396
0.002 -1 0 0.002
73.071
0
! 608.86 LANDED
0.95 0 73.396
0.002 -1 0 0.002
73.071
0
! 609.08 LANDED
0.95 0 73.396
0.002 -1 0 0.002
73.071
0
! 609.3 LANDED
0.95 0 73.396
0.002 -1 0 0.002
73.071
0
